0 0
0.05 -11.6216
0.1 0.486486
0.15 -10.5676
0.2 8.32432
0.25 -10.5405
0.3 1.08108
0.35 -21.3514
0.4 -12.2703
0.45 -10.4595
0.5 -4.78378
0.55 -5.32432
0.6 -2.13514
0.65 1.67568
0.7 -18.3514
0.75 -6.18919
0.8 -12.6216
0.85 -3.54054
0.9 -15.6486
0.95 -1.08108
1 -9.16216
1.05 -18.9189
1.1 -7
1.15 -4.94595
1.2 -18.2162
1.25 -10.4595
1.3 -10.4054
1.35 -18.4595
1.4 -6.21622
1.45 -17.027
1.5 -12.027
1.55 15.0541
1.6 -12.7568
1.65 5.13514
1.7 -25.4595
1.75 -13.5135
1.8 -15.7568
1.85 -9.7027
1.9 0.540541
1.95 3.27027
2 -1.81081
2.05 -7.83784
2.1 -21.7838
2.15 -6.7027
2.2 -4.16216
2.25 2.67568
2.3 -7.86486
2.35 -2.72973
2.4 2.45946
2.45 15.7838
2.5 -5.62162
2.55 9.89189
2.6 1.21622
2.65 -21.1351
2.7 8.72973
2.75 2.56757
2.8 -19.1351
2.85 2.05405
2.9 -12.4054
2.95 1.51351
3 3.16216
3.05 -1.83784
3.1 -16.1892
3.15 -5.72973
3.2 -0.513514
3.25 9.59459
3.3 5.94595
3.35 -18.5676
3.4 -5.62162
3.45 1.83784
3.5 -2.10811
3.55 9.24324
3.6 2.64865
3.65 -19.5676
3.7 -11.4865
3.75 -14.8919
3.8 -23.5676
3.85 5.18919
3.9 8.45946
3.95 -15.973
4 -15.7027
4.05 0.297297
4.1 -10.5135
4.15 -5.05405
4.2 13.8919
4.25 -7.45946
4.3 -11.5946
4.35 13.4595
4.4 15.4324
4.45 2.62162
4.5 -5.08108
4.55 -18.8378
4.6 -14
4.65 -7.35135
4.7 -21.2973
4.75 -5.62162
4.8 -16.1351
4.85 -5.05405
4.9 -4.37838
4.95 -6.67568
5 -0.891892
5.05 -7.64865
5.1 2.81081
5.15 -6.72973
5.2 3.97297
5.25 9.81081
5.3 3.78378
5.35 -12.4595
5.4 -9.97297
5.45 1.89189
5.5 3.72973
5.55 -12.8649
5.6 0.405405
5.65 2.59459
5.7 1.2973
5.75 -21.5135
5.8 10.4054
5.85 -12.5676
5.9 4.75676
5.95 -4.81081
6 10.1081
6.05 13.1622
6.1 -7.75676
6.15 12.8378
6.2 -9
6.25 2.18919
6.3 -15.1351
6.35 10.5135
6.4 -9.45946
6.45 -21.9459
6.5 3.2973
6.55 5.16216
6.6 -7.24324
6.65 -25.973
6.7 -15.5946
6.75 -17.8919
6.8 4.13514
6.85 1.48649
6.9 -4.24324
6.95 -13.7838
7 -20.4865
7.05 -17.5946
7.1 -20.3243
7.15 3.56757
7.2 -13.8108
7.25 -5.7027
7.3 -3.51351
7.35 -3.45946
7.4 -13.1892
7.45 4.83784
7.5 -4.10811
7.55 7.10811
7.6 -10.7027
7.65 -10
7.7 -0.837838
7.75 -12.8378
7.8 3.37838
7.85 -2.35135
7.9 7.56757
7.95 -7.91892
8 -7.2973
8.05 -2.81081
8.1 -19.6486
8.15 7.72973
8.2 5.75676
8.25 3.16216
8.3 0.378378
8.35 -4.83784
8.4 -4.94595
8.45 -2.13514
8.5 -1.10811
8.55 3.40541
8.6 3.56757
8.65 -9.83784
8.7 -13.5405
8.75 -7.43243
8.8 -14.0811
8.85 -20.5405
8.9 -2.89189
8.95 10
9 4.64865
9.05 2.83784
9.1 0.405405
9.15 -13.8108
9.2 0.135135
9.25 12.3514
9.3 0.216216
9.35 -12.5405
9.4 -2.45946
9.45 13.4054
9.5 7.51351
9.55 -17.4595
9.6 7.43243
9.65 -14.8919
9.7 5.81081
9.75 -8.27027
9.8 -9.62162
9.85 7.7027
9.9 11.1081
9.95 -1.02703
