0.4 51
0.8 77
1.2 144
1.6 110
2 179
2.4 134
2.8 88
3.2 168
3.6 172
4 74
4.4 115
4.8 155
5.2 91
5.6 37
6 171
6.4 101
6.8 205
7.2 152
7.6 37
8 46
8.4 201
8.8 14
9.2 112
9.6 163
10 102
10.4 192
10.8 31
11.2 126
11.6 128
12 105
12.4 57
12.8 136
13.2 181
13.6 148
14 79
14.4 122
14.8 77
15.2 109
15.6 45
16 104
16.4 113
16.8 21
17.2 132
17.6 143
18 83
18.4 74
18.8 151
19.2 121
19.6 63
20 78
20.4 157
20.8 54
21.2 72
21.6 167
22 47
22.4 69
22.8 133
23.2 151
23.6 139
24 188
24.4 126
24.8 45
25.2 200
25.6 52
26 98
26.4 116
26.8 50
27.2 152
27.6 74
28 58
28.4 56
28.8 15
29.2 100
29.6 139
30 180
30.4 160
30.8 16
31.2 111
31.6 203
32 158
32.4 39
32.8 33
33.2 94
33.6 164
34 166
34.4 50
34.8 176
35.2 186
35.6 141
36 118
36.4 154
36.8 49
37.2 36
37.6 133
38 147
38.4 148
38.8 128
39.2 92
39.6 139
40 151
40.4 43
40.8 125
41.2 49
41.6 68
42 114
42.4 140
42.8 187
43.2 116
43.6 83
44 196
44.4 31
44.8 155
45.2 134
45.6 82
46 80
46.4 39
46.8 187
47.2 183
47.6 107
48 122
48.4 196
48.8 100
49.2 171
49.6 46
50 165
50.4 177
50.8 65
51.2 184
51.6 41
52 62
52.4 160
52.8 160
53.2 151
53.6 134
54 176
54.4 40
54.8 117
55.2 201
55.6 17
56 147
56.4 67
56.8 97
57.2 163
57.6 193
58 155
58.4 119
58.8 19
59.2 168
59.6 31
60 198
60.4 32
60.8 156
61.2 116
61.6 40
62 23
62.4 178
62.8 110
63.2 201
63.6 172
64 65
64.4 20
64.8 169
65.2 34
65.6 147
66 158
66.4 93
66.8 205
67.2 51
67.6 12
68 160
68.4 101
68.8 46
69.2 184
69.6 30
70 206
70.4 31
70.8 158
71.2 209
71.6 78
72 94
72.4 91
72.8 144
73.2 63
73.6 209
74 28
74.4 148
74.8 110
75.2 198
75.6 137
76 77
76.4 138
76.8 103
77.2 58
77.6 93
78 17
78.4 31
78.8 120
79.2 27
79.6 23
80 124
80.4 119
80.8 26
81.2 145
81.6 61
82 10
82.4 59
82.8 129
83.2 166
83.6 208
84 113
84.4 34
84.8 18
85.2 54
85.6 19
86 199
86.4 112
86.8 205
87.2 95
87.6 103
88 153
88.4 133
88.8 197
89.2 124
89.6 113
90 58
90.4 10
90.8 68
91.2 28
91.6 190
92 206
92.4 208
92.8 91
93.2 199
93.6 208
94 19
94.4 167
94.8 82
95.2 32
95.6 148
96 102
96.4 48
96.8 189
97.2 200
97.6 67
98 168
98.4 201
98.8 25
99.2 98
99.6 166
100 121
100.4 12
100.8 44
101.2 82
101.6 65
102 138
102.4 56
102.8 172
103.2 96
103.6 85
104 43
104.4 79
104.8 152
105.2 54
105.6 26
106 91
106.4 208
106.8 132
107.2 61
107.6 31
108 109
108.4 167
108.8 86
109.2 102
109.6 199
110 85
110.4 122
110.8 10
111.2 120
111.6 13
112 79
112.4 71
112.8 98
113.2 11
113.6 199
114 65
114.4 33
114.8 12
115.2 195
115.6 192
116 95
116.4 98
116.8 36
117.2 27
117.6 167
118 42
118.4 142
118.8 179
119.2 164
119.6 131
120 199
120.4 186
120.8 139
121.2 178
121.6 102
122 35
122.4 165
122.8 44
123.2 159
123.6 51
124 122
124.4 155
124.8 70
125.2 128
125.6 163
126 149
126.4 33
126.8 89
127.2 206
127.6 97
128 139
128.4 159
128.8 47
129.2 76
129.6 159
130 203
130.4 205
130.8 107
131.2 26
131.6 96
132 115
132.4 98
132.8 92
133.2 65
133.6 144
134 124
134.4 111
134.8 126
135.2 81
135.6 196
136 73
136.4 123
136.8 165
137.2 195
137.6 63
138 122
138.4 18
138.8 42
139.2 155
139.6 123
140 166
140.4 131
140.8 168
141.2 56
141.6 192
142 91
142.4 154
142.8 206
143.2 32
143.6 139
144 171
144.4 145
144.8 60
145.2 183
145.6 76
146 54
146.4 69
146.8 102
147.2 49
147.6 63
148 34
148.4 164
148.8 120
149.2 155
149.6 59
150 196
150.4 123
150.8 84
151.2 32
151.6 178
152 28
152.4 197
152.8 115
153.2 168
153.6 201
154 12
154.4 35
154.8 87
155.2 24
155.6 124
156 34
156.4 144
156.8 84
157.2 182
157.6 169
158 43
158.4 80
158.8 97
159.2 107
159.6 128
160 187
160.4 183
160.8 80
161.2 173
161.6 78
162 202
162.4 195
162.8 112
163.2 90
163.6 23
164 37
164.4 12
164.8 109
165.2 137
165.6 35
166 153
166.4 134
166.8 33
167.2 182
167.6 71
168 191
168.4 13
168.8 42
169.2 115
169.6 203
170 135
170.4 41
170.8 102
171.2 152
171.6 32
172 96
172.4 74
172.8 110
173.2 197
173.6 170
174 23
174.4 184
174.8 80
175.2 180
175.6 45
176 43
176.4 121
176.8 170
177.2 106
177.6 77
178 95
178.4 160
178.8 150
179.2 104
179.6 105
180 34
180.4 29
180.8 135
181.2 186
181.6 104
182 68
182.4 112
182.8 181
183.2 76
183.6 88
184 203
184.4 61
184.8 94
185.2 28
185.6 74
186 129
186.4 162
186.8 10
187.2 97
187.6 70
188 136
188.4 20
188.8 167
189.2 180
189.6 125
190 186
190.4 37
190.8 53
191.2 168
191.6 174
192 119
192.4 92
192.8 96
193.2 175
193.6 97
194 187
194.4 84
194.8 35
195.2 37
195.6 39
196 138
196.4 33
196.8 130
197.2 112
197.6 172
198 133
198.4 206
198.8 147
199.2 71
199.6 205
200 135
200.4 74
200.8 70
201.2 12
201.6 126
202 40
202.4 136
202.8 21
203.2 181
203.6 21
204 157
204.4 163
204.8 130
205.2 200
205.6 134
206 198
206.4 173
206.8 150
207.2 61
207.6 72
208 39
208.4 110
208.8 123
209.2 168
209.6 188
210 175
210.4 17
210.8 87
211.2 10
211.6 68
212 49
212.4 113
212.8 170
213.2 167
213.6 134
214 87
214.4 118
214.8 123
215.2 97
215.6 11
216 60
216.4 70
216.8 38
217.2 203
217.6 194
218 15
218.4 150
218.8 121
219.2 114
219.6 45
220 166
220.4 82
220.8 160
221.2 33
221.6 95
222 166
222.4 26
222.8 36
223.2 167
223.6 136
224 167
224.4 147
224.8 81
225.2 79
225.6 171
226 106
226.4 32
226.8 27
227.2 122
227.6 127
228 106
228.4 195
228.8 51
229.2 33
229.6 139
230 39
230.4 175
230.8 169
231.2 142
231.6 106
232 65
232.4 63
232.8 172
233.2 194
233.6 144
234 64
234.4 182
234.8 67
235.2 179
235.6 142
236 173
236.4 17
236.8 93
237.2 121
237.6 45
238 77
238.4 58
238.8 85
239.2 148
239.6 33
240 152
240.4 164
240.8 121
241.2 151
241.6 185
242 69
242.4 35
242.8 31
243.2 80
243.6 36
244 144
244.4 15
244.8 193
245.2 60
245.6 208
246 89
246.4 111
246.8 203
247.2 144
247.6 47
248 144
248.4 166
248.8 203
249.2 186
249.6 115
250 172
250.4 158
250.8 91
251.2 110
251.6 23
252 51
252.4 65
252.8 65
253.2 152
253.6 72
254 21
254.4 87
254.8 34
255.2 88
255.6 162
256 53
256.4 106
256.8 83
257.2 50
257.6 123
258 85
258.4 82
258.8 28
259.2 20
259.6 27
260 142
260.4 122
260.8 105
261.2 179
261.6 41
262 50
262.4 98
262.8 95
263.2 100
263.6 107
264 199
264.4 200
264.8 155
265.2 163
265.6 124
266 61
266.4 150
266.8 54
267.2 68
267.6 145
268 169
268.4 202
268.8 15
269.2 74
269.6 191
270 113
270.4 39
270.8 185
271.2 18
271.6 102
272 207
272.4 159
272.8 166
273.2 171
273.6 37
274 77
274.4 151
274.8 139
275.2 50
275.6 23
276 184
276.4 11
276.8 87
277.2 25
277.6 93
278 23
278.4 202
278.8 34
279.2 11
279.6 202
280 169
280.4 80
280.8 38
281.2 37
281.6 94
282 85
282.4 196
282.8 108
283.2 180
283.6 97
284 57
284.4 14
284.8 113
285.2 31
285.6 73
286 116
286.4 173
286.8 20
287.2 181
287.6 99
288 50
288.4 174
288.8 152
289.2 29
289.6 123
290 201
290.4 114
290.8 28
291.2 42
291.6 160
292 15
292.4 185
292.8 149
293.2 113
293.6 32
294 108
294.4 57
294.8 194
295.2 58
295.6 181
296 74
296.4 123
296.8 85
297.2 155
297.6 122
298 156
298.4 88
298.8 179
299.2 72
299.6 129
300 195
300.4 99
300.8 154
301.2 75
301.6 150
302 55
302.4 118
302.8 128
303.2 80
303.6 11
304 133
304.4 142
304.8 82
305.2 162
305.6 97
306 180
306.4 173
306.8 111
307.2 113
307.6 33
308 137
308.4 10
308.8 179
309.2 25
309.6 175
310 38
310.4 153
310.8 157
311.2 98
311.6 153
312 47
312.4 19
312.8 73
313.2 59
313.6 91
314 198
314.4 152
314.8 18
315.2 70
315.6 31
316 168
316.4 164
316.8 98
317.2 156
317.6 100
318 159
318.4 53
318.8 40
319.2 30
319.6 158
320 77
320.4 146
320.8 193
321.2 45
321.6 36
322 195
322.4 48
322.8 63
323.2 39
323.6 34
324 158
324.4 133
324.8 169
325.2 67
325.6 176
326 154
326.4 165
326.8 128
327.2 136
327.6 21
328 35
328.4 165
328.8 11
329.2 159
329.6 106
330 194
330.4 125
330.8 174
331.2 152
331.6 85
332 123
332.4 152
332.8 206
333.2 158
333.6 82
334 36
334.4 16
334.8 183
335.2 39
335.6 14
336 115
336.4 36
336.8 22
337.2 185
337.6 103
338 175
338.4 46
338.8 146
339.2 151
339.6 24
340 204
340.4 66
340.8 62
341.2 146
341.6 48
342 92
342.4 165
342.8 25
343.2 141
343.6 40
344 51
344.4 35
344.8 21
345.2 47
345.6 196
346 100
346.4 60
346.8 72
347.2 44
347.6 103
348 163
348.4 26
348.8 62
349.2 18
349.6 72
350 43
350.4 64
350.8 113
351.2 44
351.6 113
352 66
352.4 158
352.8 134
353.2 127
353.6 23
354 119
354.4 38
354.8 10
355.2 90
355.6 128
356 68
356.4 60
356.8 165
357.2 171
357.6 74
358 113
358.4 86
358.8 53
359.2 119
359.6 112
360 171
360.4 99
360.8 158
361.2 92
361.6 63
362 84
362.4 30
362.8 12
363.2 133
363.6 41
364 179
364.4 88
364.8 69
365.2 18
365.6 29
366 181
366.4 13
366.8 155
367.2 191
367.6 114
368 202
368.4 95
368.8 123
369.2 108
369.6 199
370 132
370.4 148
370.8 47
371.2 20
371.6 71
372 44
372.4 118
372.8 171
373.2 169
373.6 103
374 125
374.4 79
374.8 147
375.2 79
375.6 68
376 110
376.4 181
376.8 74
377.2 127
377.6 25
378 165
378.4 25
378.8 140
379.2 49
379.6 22
380 98
380.4 92
380.8 164
381.2 95
381.6 120
382 94
382.4 184
382.8 190
383.2 25
383.6 161
384 151
384.4 125
384.8 89
385.2 120
385.6 108
386 83
386.4 198
386.8 187
387.2 142
387.6 166
388 99
388.4 123
388.8 18
389.2 151
389.6 200
390 133
390.4 173
390.8 38
391.2 194
391.6 188
392 10
392.4 81
392.8 95
393.2 184
393.6 81
394 143
394.4 77
394.8 163
395.2 105
395.6 178
396 35
396.4 86
396.8 39
397.2 60
397.6 208
398 119
398.4 103
398.8 96
399.2 90
399.6 126
400 59
400.4 77
400.8 138
401.2 89
401.6 74
402 31
402.4 15
402.8 36
403.2 26
403.6 126
404 136
404.4 76
404.8 97
405.2 91
405.6 174
406 150
406.4 96
406.8 31
407.2 72
407.6 131
408 74
408.4 119
408.8 25
409.2 112
409.6 83
410 134
410.4 151
410.8 155
411.2 172
411.6 33
412 141
412.4 16
412.8 78
413.2 128
413.6 12
414 117
414.4 117
414.8 91
415.2 22
415.6 146
416 40
416.4 124
416.8 19
417.2 94
417.6 166
418 100
418.4 103
418.8 206
419.2 162
419.6 64
420 155
420.4 118
420.8 58
421.2 101
421.6 122
422 141
422.4 124
422.8 49
423.2 168
423.6 132
424 114
424.4 205
424.8 62
425.2 79
425.6 89
426 48
426.4 33
426.8 128
427.2 76
427.6 69
428 108
428.4 96
428.8 206
429.2 72
429.6 43
430 168
430.4 32
430.8 156
431.2 202
431.6 47
432 135
432.4 57
432.8 68
433.2 12
433.6 17
434 108
434.4 40
434.8 102
435.2 10
435.6 88
436 209
436.4 162
436.8 58
437.2 92
437.6 150
438 125
438.4 185
438.8 172
439.2 177
439.6 146
440 207
440.4 28
440.8 107
441.2 38
441.6 61
442 26
442.4 40
442.8 59
443.2 135
443.6 68
444 39
444.4 130
444.8 150
445.2 170
445.6 157
446 172
446.4 65
446.8 85
447.2 202
447.6 171
448 164
448.4 208
448.8 156
449.2 124
449.6 156
450 198
450.4 179
450.8 48
451.2 73
451.6 85
452 125
452.4 131
452.8 85
453.2 25
453.6 138
454 44
454.4 180
454.8 115
455.2 74
455.6 167
456 172
456.4 171
456.8 134
457.2 159
457.6 79
458 140
458.4 133
458.8 160
459.2 143
459.6 135
460 120
460.4 147
460.8 146
461.2 147
461.6 88
462 203
462.4 46
462.8 124
463.2 174
463.6 201
464 159
464.4 145
464.8 115
465.2 147
465.6 14
466 147
466.4 33
466.8 74
467.2 180
467.6 18
468 178
468.4 91
468.8 95
469.2 162
469.6 183
470 62
470.4 204
470.8 86
471.2 36
471.6 206
472 182
472.4 59
472.8 50
473.2 184
473.6 29
474 153
474.4 21
474.8 151
475.2 99
475.6 29
476 175
476.4 15
476.8 195
477.2 26
477.6 60
478 25
478.4 19
478.8 74
479.2 176
479.6 103
480 84
480.4 119
480.8 110
481.2 105
481.6 183
482 199
482.4 171
482.8 182
483.2 178
483.6 168
484 41
484.4 78
484.8 36
485.2 120
485.6 32
486 184
486.4 189
486.8 120
487.2 162
487.6 192
488 201
