0.4; 51
0.41; 51.2086
0.42; 51.4189
0.43; 51.6325
0.44; 51.851
0.45; 52.0762
0.46; 52.3096
0.47; 52.553
0.48; 52.808
0.49; 53.0762
0.5; 53.3594
0.51; 53.6591
0.52; 53.977
0.53; 54.3148
0.54; 54.6741
0.55; 55.0566
0.56; 55.464
0.57; 55.8979
0.58; 56.3599
0.59; 56.8517
0.6; 57.375
0.61; 57.9314
0.62; 58.5226
0.63; 59.1503
0.64; 59.816
0.65; 60.5215
0.66; 61.2684
0.67; 62.0583
0.68; 62.893
0.69; 63.774
0.7; 64.7031
0.71; 65.6819
0.72; 66.712
0.73; 67.7951
0.74; 68.9329
0.75; 70.127
0.76; 71.379
0.77; 72.6907
0.78; 74.0636
0.79; 75.4995
0.8; 77
0.81; 78.5657
0.82; 80.1933
0.83; 81.8782
0.84; 83.616
0.85; 85.4023
0.86; 87.2328
0.87; 89.1028
0.88; 91.008
0.89; 92.944
0.9; 94.9063
0.91; 96.8904
0.92; 98.892
0.93; 100.907
0.94; 102.93
0.95; 104.957
0.96; 106.984
0.97; 109.006
0.98; 111.019
0.99; 113.019
1; 115
1.01; 116.959
1.02; 118.891
1.03; 120.791
1.04; 122.656
1.05; 124.48
1.06; 126.26
1.07; 127.991
1.08; 129.668
1.09; 131.287
1.1; 132.844
1.11; 134.334
1.12; 135.752
1.13; 137.095
1.14; 138.357
1.15; 139.535
1.16; 140.624
1.17; 141.619
1.18; 142.517
1.19; 143.312
1.2; 144
1.21; 144.578
1.22; 145.048
1.23; 145.412
1.24; 145.673
1.25; 145.834
1.26; 145.898
1.27; 145.867
1.28; 145.744
1.29; 145.532
1.3; 145.234
1.31; 144.853
1.32; 144.391
1.33; 143.851
1.34; 143.236
1.35; 142.549
1.36; 141.792
1.37; 140.968
1.38; 140.081
1.39; 139.132
1.4; 138.125
1.41; 137.062
1.42; 135.947
1.43; 134.781
1.44; 133.568
1.45; 132.311
1.46; 131.011
1.47; 129.673
1.48; 128.299
1.49; 126.891
1.5; 125.453
1.51; 123.987
1.52; 122.496
1.53; 120.983
1.54; 119.45
1.55; 117.9
1.56; 116.337
1.57; 114.762
1.58; 113.18
1.59; 111.591
2; 179
2.01; 178.092
2.02; 177.182
2.03; 176.271
2.04; 175.358
2.05; 174.441
2.06; 173.521
2.07; 172.595
2.08; 171.664
2.09; 170.726
2.1; 169.781
2.11; 168.828
2.12; 167.866
2.13; 166.894
2.14; 165.912
2.15; 164.918
2.16; 163.912
2.17; 162.893
2.18; 161.86
2.19; 160.813
2.2; 159.75
2.21; 158.671
2.22; 157.575
2.23; 156.461
2.24; 155.328
2.25; 154.176
2.26; 153.003
2.27; 151.81
2.28; 150.594
2.29; 149.356
2.3; 148.094
2.31; 146.807
2.32; 145.496
2.33; 144.159
2.34; 142.794
2.35; 141.402
2.36; 139.982
2.37; 138.532
2.38; 137.053
2.39; 135.542
2.4; 134
2.4; 134
2.41; 132.426
2.42; 130.824
2.43; 129.197
2.44; 127.549
2.45; 125.885
2.46; 124.208
2.47; 122.522
2.48; 120.832
2.49; 119.141
2.5; 117.453
2.51; 115.772
2.52; 114.103
2.53; 112.449
2.54; 110.813
2.55; 109.201
2.56; 107.616
2.57; 106.062
2.58; 104.543
2.59; 103.062
2.6; 101.625
2.61; 100.235
2.62; 98.8949
2.63; 97.61
2.64; 96.384
2.65; 95.2207
2.66; 94.1241
2.67; 93.0982
2.68; 92.147
2.69; 91.2744
2.7; 90.4844
2.71; 89.7809
2.72; 89.168
2.73; 88.6496
2.74; 88.2296
2.75; 87.9121
2.76; 87.701
2.77; 87.6003
2.78; 87.6139
2.79; 87.7458
2.8; 88
2.8; 88
2.81; 88.3793
2.82; 88.8816
2.83; 89.5039
2.84; 90.243
2.85; 91.0957
2.86; 92.0589
2.87; 93.1294
2.88; 94.304
2.89; 95.5796
2.9; 96.9531
2.91; 98.4213
2.92; 99.981
2.93; 101.629
2.94; 103.362
2.95; 105.178
2.96; 107.072
2.97; 109.042
2.98; 111.085
2.99; 113.197
3; 115.375
3.01; 117.616
3.02; 119.918
3.03; 122.276
3.04; 124.688
3.05; 127.15
3.06; 129.66
3.07; 132.214
3.08; 134.809
3.09; 137.442
3.1; 140.109
3.11; 142.808
3.12; 145.536
3.13; 148.289
3.14; 151.064
3.15; 153.857
3.16; 156.667
3.17; 159.489
3.18; 162.321
3.19; 165.159
3.2; 168
3.6; 172
3.61; 168.622
3.62; 165.248
3.63; 161.881
3.64; 158.524
3.65; 155.181
3.66; 151.855
3.67; 148.551
3.68; 145.27
3.69; 142.018
3.7; 138.797
3.71; 135.611
3.72; 132.463
3.73; 129.356
3.74; 126.295
3.75; 123.283
3.76; 120.323
3.77; 117.419
3.78; 114.574
3.79; 111.791
3.8; 109.075
3.81; 106.428
3.82; 103.855
3.83; 101.358
3.84; 98.9408
3.85; 96.6074
3.86; 94.3611
3.87; 92.2052
3.88; 90.1434
3.89; 88.179
3.9; 86.3156
3.91; 84.5567
3.92; 82.9056
3.93; 81.3659
3.94; 79.9412
3.95; 78.6348
3.96; 77.4502
3.97; 76.391
3.98; 75.4605
3.99; 74.6624
4; 74
4; 74
4.01; 73.4756
4.02; 73.086
4.03; 72.8269
4.04; 72.694
4.05; 72.6828
4.06; 72.789
4.07; 73.0082
4.08; 73.336
4.09; 73.7681
4.1; 74.3
4.11; 74.9274
4.12; 75.646
4.13; 76.4513
4.14; 77.339
4.15; 78.3047
4.16; 79.344
4.17; 80.4526
4.18; 81.626
4.19; 82.8599
4.2; 84.15
4.21; 85.4918
4.22; 86.881
4.23; 88.3132
4.24; 89.784
4.25; 91.2891
4.26; 92.824
4.27; 94.3844
4.28; 95.966
4.29; 97.5643
4.3; 99.175
4.31; 100.794
4.32; 102.416
4.33; 104.038
4.34; 105.654
4.35; 107.261
4.36; 108.854
4.37; 110.429
4.38; 111.981
4.39; 113.506
4.4; 115
4.4; 115
4.41; 116.459
4.42; 117.883
4.43; 119.273
4.44; 120.63
4.45; 121.955
4.46; 123.249
4.47; 124.512
4.48; 125.746
4.49; 126.951
4.5; 128.128
4.51; 129.279
4.52; 130.403
4.53; 131.503
4.54; 132.579
4.55; 133.631
4.56; 134.661
4.57; 135.669
4.58; 136.657
4.59; 137.625
4.6; 138.575
4.61; 139.507
4.62; 140.421
4.63; 141.32
4.64; 142.203
4.65; 143.072
4.66; 143.928
4.67; 144.771
4.68; 145.603
4.69; 146.423
4.7; 147.234
4.71; 148.036
4.72; 148.83
4.73; 149.617
4.74; 150.398
4.75; 151.173
4.76; 151.944
4.77; 152.711
4.78; 153.475
4.79; 154.238
4.8; 155
5.2; 91
5.21; 88.6426
5.22; 86.289
5.23; 83.943
5.24; 81.6083
5.25; 79.2888
5.26; 76.9881
5.27; 74.7101
5.28; 72.4586
5.29; 70.2373
5.3; 68.05
5.31; 65.9005
5.32; 63.7926
5.33; 61.7301
5.34; 59.7167
5.35; 57.7563
5.36; 55.8525
5.37; 54.0092
5.38; 52.2302
5.39; 50.5192
5.4; 48.88
5.41; 47.3164
5.42; 45.8322
5.43; 44.4312
5.44; 43.1171
5.45; 41.8938
5.46; 40.7649
5.47; 39.7343
5.48; 38.8058
5.49; 37.9831
5.5; 37.27
5.51; 36.6703
5.52; 36.1878
5.53; 35.8263
5.54; 35.5895
5.55; 35.4813
5.56; 35.5053
5.57; 35.6654
5.58; 35.9654
5.59; 36.409
5.6; 37
5.6; 37
5.61; 37.7414
5.62; 38.6327
5.63; 39.6727
5.64; 40.86
5.65; 42.1934
5.66; 43.6717
5.67; 45.2935
5.68; 47.0576
5.69; 48.9627
5.7; 51.0075
5.71; 53.1908
5.72; 55.5112
5.73; 57.9675
5.74; 60.5585
5.75; 63.2828
5.76; 66.1392
5.77; 69.1264
5.78; 72.2431
5.79; 75.4881
5.8; 78.86
5.81; 82.3576
5.82; 85.9797
5.83; 89.7249
5.84; 93.592
5.85; 97.5797
5.86; 101.687
5.87; 105.912
5.88; 110.254
5.89; 114.711
5.9; 119.282
5.91; 123.967
5.92; 128.763
5.93; 133.67
5.94; 138.685
5.95; 143.809
5.96; 149.039
5.97; 154.375
5.98; 159.814
5.99; 165.356
6; 171
